50
-10 9 0 2 1 -2 3 -100
4 2 -10 5 1 2 -15 8 1 -20
10 9 -18 4 5 -40
1000 -1 -509 -300 1000
3 19 5900 600000 -700000 4000
-10 9 0 2 1 -2 4 5 76 2 34 -500
-4 -2 -10 -5 -1 -2 -15 -8 -1 -20
10 9 -18 4 5 -40 30 40 20 10 -100 70 30
1000 -1 -509 -300 1000 -100 240 38888
3 19 5900 -6000 -700000 4000 1000000
-10 9 0 2 1 -2 3 -100 -234 -1984 3984
4 2 -10 5 1 2 -15 8 1 -20 182 4834 592
10 9 -18 4 5 -40 1 2 3 4 50 60 -30
1000 -1 -509 -300 1000 -100 2934 238 1 -4000
3 19 59 -50 600 -70 4000 -5000
-10 9 0 2 1 -2 3 -100 4 2 3 4 6 1 7 -40
4 2 -10 5 1 2 -15 8 1 -20 9 3020 1092 48 -10000 4 100000 -4534
10 9 -18 4 5 -40 -324 -34 -12 41234 -234 -48
10010 -1 -5109 -300 1000 23404 2504 32014 -10001
134 139 51900 3000 -230 44000
-140 9 10 24 31 2 -23 33 -1300
41 -21 -103311 2532 14 323 -1534 -822 1 -20
101 91 3 3423 -14844 -4444 232314 -544 -4024
1000 -1 -509 -300 1000
3 19 -5900 -60 700000 -237473 4000
-40 19 10 23 14 -24 33 -1020
4 2 -10 5 1 2 -15 8 1 -20
10 9 -18 4 5 -40
10030 -111 -50229 -31100 10400
34 219 59044 6100 -5000 43000
-1034 911 34 52 331 -211 323 -1004
41 22 -130 55 15 52 -145 48 1 -20
1023 449 -4418 1142 35 -402
11000 -1 -5509 -300 1000
323 13119 5319400 604500 -343000 400
-1012 911 234 23 1654 -255 323 -1030
4123 222 -1550 532 131 542 -151 834 113 -240
1023 913 -185 455 555 -410
10300 -144 -5209 -3400 102010
13 19 5900 620 -7700 4000
-109 99 9 29 1 -25 3 -100
49 29 -10 5 1 2 -15 8 1 -20
109 99 -918 94 95 -401
10003 -1 -509 -300 -123000
3 19 590340 100300 -7000 404400
-305 9342 -3244 2211 111 -211 3 -100
41 23 -101 52 11 21 -15 8 1 -20
10 9 -18 4 5 -40 3 4 2 5 1 3 -55 34
1000 -1 -509 -300 100012 343243 23435 -4766462
3 19 -435435 432874 918 39847973 -2374234 590340 623400 -700000 4000